910 1
911 0
912 1
913 1
914 0
915 0
916 1
917 0
918 0
919 0
920 0
921 1
922 0
923 0
924 0
925 1
926 0
927 1
928 0
929 0
930 0
931 0
932 0
933 1
934 0
935 2
936 0
937 2
938 2
939 0
940 0
941 0
942 1
943 0
944 0
945 0
946 0
947 0
948 1
949 0
950 0
951 1
952 2
953 0
954 0
955 1
956 0
957 3
958 0
959 1
960 4
961 2
962 2
963 3
964 1
965 5
966 2
967 5
968 3
969 5
970 1
971 1
972 4
973 2
974 2
975 1
976 1
977 3
978 3
979 1
980 2
981 2
982 3
983 5
984 3
985 3
986 4
987 3
988 4
989 5
990 5
991 2
992 6
993 3
994 4
995 6
996 4
997 3
998 2
999 5
1000 8
1001 2
1002 1
1003 2
1004 3
1005 5
1006 6
1007 5
1008 3
1009 1
1010 2
1011 0
1012 5
1013 10
1014 4
1015 3
1016 0
1017 3
1018 6
1019 2
1020 2
1021 2
1022 3
1023 5
1024 4
1025 4
1026 2
1027 1
1028 3
1029 1
1030 0
1031 3
1032 2
1033 3
1034 4
1035 6
1036 1
1037 3
1038 4
1039 1
1040 1
1041 2
1042 0
1043 2
1044 1
1045 0
1046 0
1047 1
1048 0
1049 1
1050 1
1051 0
1052 2
1053 1
1054 1
1055 2
1056 0
1057 1
1058 0
1059 2
1060 1
1061 0
1062 1
1063 0
1064 0
1065 0
1066 1
1067 0
1068 0
1069 0
1070 0
1071 1
1072 0
1073 0
1074 0
1075 0
1076 0
1077 0
1078 1
1079 0
1080 1
1081 0
1082 0
1083 0
1084 0
1085 1
1086 0
1087 0
1088 0
1089 0
1090 0
1091 0
1092 1